1.000000000
0.999807085
0.999228416
0.998264214
0.996914853
0.995180853
0.993062882
0.990561759
0.987678448
0.984414062
0.980769859
0.976747247
0.972347777
0.967573146
0.962425198
0.956905917
0.951017434
0.94476202
0.93814209
0.931160196
0.923819034
0.916121435
0.908070369
0.899668943
0.890920398
0.88182811
0.872395587
0.862626468
0.852524522
0.842093647
0.831337868
0.820261334
0.808868319
0.797163219
0.78515055
0.772834946
0.76022116
0.747314059
0.734118621
0.72063994
0.706883214
0.692853751
0.678556966
0.663998373
0.64918359
0.634118332
0.618808414
0.603259741
0.587478312
0.571470217
0.555241632
0.538798818
0.52214812
0.505295962
0.488248846
0.471013349
0.453596121
0.436003883
0.418243421
0.400321589
0.382245301
0.364021531
0.345657312
0.327159727
0.308535915
0.28979306
0.270938395
0.251979193
0.232922771
0.21377648
0.194547708
0.175243874
0.155872425
0.136440836
0.116956605
0.097427248
0.077860301
0.058263313
0.038643845
0.019009467
-0.000632245
-0.020273713
-0.039907359
-0.059525607
-0.079120889
-0.098685643
-0.118212322
-0.137693391
-0.157121334
-0.176488655
-0.195787881
-0.215011566
-0.234152294
-0.253202679
-0.272155371
-0.291003057
-0.309738466
-0.328354368
-0.346843582
-0.365198973
-0.38341346
-0.401480015
-0.419391666
-0.437141505
-0.454722681
-0.472128411
-0.489351981
-0.506386744
-0.523226128
-0.539863637
-0.55629285
-0.572507429
-0.588501117
-0.604267745
-0.619801228
-0.635095574
-0.650144881
-0.664943343
-0.679485251
-0.693764993
-0.70777706
-0.721516046
-0.734976649
-0.748153678
-0.761042046
-0.773636782
-0.785933026
-0.797926034
-0.809611179
-0.820983952
-0.832039965
-0.842774952
-0.853184773
-0.863265409
-0.873012972
-0.882423702
-0.891493966
-0.900220265
-0.908599233
-0.916627637
-0.924302379
-0.931620497
-0.938579169
-0.94517571
-0.951407574
-0.957272357
-0.962767796
-0.967891771
-0.972642305
-0.977017565
-0.981015863
-0.984635656
-0.987875547
-0.990734287
-0.993210773
-0.995304048
-0.997013306
-0.998337887
-0.99927728
-0.999831123
