0.000000000
0.019641594
0.03927561
0.058894472
0.07849061
0.098056465
0.117584487
0.137067141
0.156496911
0.175866299
0.195167833
0.214394066
0.233537579
0.252590987
0.271546937
0.290398117
0.309137252
0.327757113
0.346250516
0.364610325
0.382829457
0.400900882
0.418817628
0.436572781
0.454159492
0.471570974
0.488800511
0.505841454
0.522687229
0.539331335
0.555767352
0.571988937
0.587989832
0.603763863
0.619304945
0.63460708
0.649664365
0.664470991
0.679021244
0.693309511
0.707330278
0.721078137
0.734547782
0.747734018
0.760631755
0.773236019
0.785541945
0.797544786
0.809239911
0.820622807
0.831689083
0.842434468
0.852854818
0.862946111
0.872704454
0.882126082
0.89120736
0.899944784
0.908334983
0.916374719
0.924060891
0.931390533
0.938360817
0.944969054
0.951212694
0.957089328
0.962596689
0.967732652
0.972495235
0.976882601
0.980893057
0.984525055
0.987777195
0.990648221
0.993137026
0.995242649
0.996964279
0.99830125
0.999253048
0.999819304
0.9999998
0.999794467
0.999203384
0.998226779
0.996865028
0.995118658
0.992988342
0.990474901
0.987579306
0.984302674
0.980646269
0.976611502
0.97219993
0.967413254
0.962253321
0.956722123
0.950821793
0.944554609
0.937922987
0.930929487
0.923576807
0.915867784
0.907805392
0.899392742
0.89063308
0.881529786
0.872086371
0.86230648
0.852193885
0.84175249
0.830986321
0.819899533
0.808496404
0.796781333
0.78475884
0.772433565
0.759810262
0.746893801
0.733689167
0.720201454
0.706435867
0.692397715
0.678092416
0.663525489
0.648702555
0.633629331
0.618311635
0.602755377
0.586966557
0.570951268
0.55471569
0.538266086
0.521608803
0.504750268
0.487696986
0.470455536
0.45303257
0.435434811
0.417669048
0.399742136
0.381660992
0.363432592
0.345063969
0.32656221
0.307934454
0.289187887
0.270329744
0.251367299
0.232307869
0.213158809
0.193927505
0.174621378
0.155247877
0.135814477
0.116328676
0.096797992
0.07722996
0.057632131
0.038012065
0.018377333